18 	12	85.485421	101.601911
12	9	157.359476	180.442286
12	8	107.926646	137.556832
12	5	251.483785	19.335275
8 	5	186.600484	51.532336
8 	15	214.411475	45.70927
9	16	148.32436	113.869328
9	19	161.81875	121.864059
9	5	155.647575	161.102075
16	19	97.092487	166.221942
19	6	108.97221	137.180213
19	5	140.944529	79.344499
5	15	120.911933	175.282061
5	10	212.241787	45.219519
15	10	160.848969	32.46201
15	17	123.248625	102.761293
15	7	211.62357	54.216298
10	17	67.017247	137.259026
10	7	156.576474	19.988274
10	0	140.572637	56.989569
17	7	112.017441	146.977052
0	7	94.193405	166.817768
0	11	84.24401	81.007847
7	4	213.682261	28.193336
7	11	155.60513	29.478488
11	4	94.110328	96.163887
11	1	187.085908	49.85679
4	1	151.093519	69.273151
4	2	112.670903	115.151097
1	2	70.701681	151.838997
2	3	161.36079	76.757007
14	-1  0.0         0.0
13	-1	0.0         0.0
